0       0       f       0       0       0       0       0       2       0       0       0       0       0       0       2       Pro: 3
0       0       1       0       0       0       0       0       1       0       0       0       0       0       0       1

0       0       1       0       0       0       0       0       0       0       0       0       0       0       0       0       Pro: 1
0       0       8       0       0       0       0       0       0       0       0       0       0       0       0       0

0       0       0       0       0       0       8       0       0       0       0       0       0       0       0       0       Pro: 1
0       0       0       0       0       0       e       0       0       0       0       0       0       0       0       0

0       0       0       0       0       0       0       0       0       0       0       e       0       0       0       0       Pro: 5
